section1
2.564942117489830142e-01
1.267224498665787125e-01
1.738330026077097523e+00
1.317475573020209900e+00

section2
4.976573095779383560e-01
4.194688514866407036e-01
6.742596561332968585e-01
2.351958333610288110e-01
3.197617234404495634e-01
3.235262589056132621e-01

section3
3.124555715511229681e-01
6.624571742098343818e-02
6.229271501018978086e-01
3.377870050255301071e-01
7.913302534203098260e-01
3.014514026455459850e-01

section4
6.570116403835508972e+07
3.176076047002232820e+07

section5
2.790128565285300843e-01
2.102775567110771668e-02

section6
1.431354527758984853e-10
4.965296779911713834e-11
    calc
    calc
2.672998453860527381e-12
    calc

section7
6.599175580594761794e-11
1.191167928876664548e-09
2.412015264264981281e-07
2.227201415402780948e-11
1.150337613702569903e-08
7.159457423778812337e-11
1.490909562787938013e-08
4.692927410302225416e-09
1.173162927762761126e-12
1.844076990996893649e-08
1.055539858320017903e-08
1.593491913408924356e-11
4.692647676240116625e-08

section8
3.003844636864970141e+01
6.056629625022718955e+00
1.983470062085320365e+02
9.753748815212851753e+00
    hard-coded
3.350718951818094649e+00

section9
3.849242746066815357e+02
4.696348431243051209e+02
2.695929970235080873e+03
3.386881194607955763e+02
8.035155914224467324e+02
2.884416548556342832e+02

section10
3.406781870219275504e-02
4.057127578605156937e-01
1.100141071892025545e-03
1.031650538466537910e-03
4.025131371619573573e-01
4.503705365981556656e-03 // screwed in the SI

section11
4.556824965925581949e+00
7.998893307495355209e+00
7.952539494977783896e+00
5.191088583384184219e+00
1.000000117905025299e+00
